instancia, alpha, numeroiteracionesgrasp, replica, valoroptimo, valorobjetivo, iteracionmejorsolucion, tiempohallarmejorsolucion, tiempototal 
b51.tsp 0.2 4 1 429.98331198338406 443.88526071725516 2 2.3542653338143116 4.060776799554441
b51.tsp 0.2 8 1 429.98331198338406 432.62422148481676 5 4.706479769492814 6.779522413020215
b51.tsp 0.2 16 1 429.98331198338406 441.8243687170598 8 7.1488440680473175 14.600239684003508
b51.tsp 0.2 4 2 429.98331198338406 434.66584812485985 2 1.8155266331491404 3.2625886174247825
b51.tsp 0.2 8 2 429.98331198338406 438.5360449584632 1 0.7429135492401144 6.099927400500192
b51.tsp 0.2 16 2 429.98331198338406 435.0409851044976 8 7.0141365263026 13.307530575558566
b51.tsp 0.2 4 3 429.98331198338406 438.56605979764413 3 2.009340431280272 2.563451510024315
b51.tsp 0.2 8 3 429.98331198338406 443.755404183869 4 3.54066764371607 7.3170439777884795
b51.tsp 0.2 16 3 429.98331198338406 435.4432540937585 8 7.801959431822134 15.106653646049516
b51.tsp 0.2 4 4 429.98331198338406 443.2182165754762 2 1.14897990910724 2.7529606559010205
b51.tsp 0.2 8 4 429.98331198338406 437.8621968703204 8 7.772655798375638 7.772748472165404
b51.tsp 0.2 16 4 429.98331198338406 441.4678974106641 5 4.248966174066737 14.031896386476873
b51.tsp 0.3 4 1 429.98331198338406 433.79089420285754 1 1.257349680547108 3.876630658723485
b51.tsp 0.3 8 1 429.98331198338406 447.4888644135036 6 6.460896339687167 8.982066867007063
b51.tsp 0.3 16 1 429.98331198338406 437.40000052281704 9 8.20414828410101 15.194491795954661
b51.tsp 0.3 4 2 429.98331198338406 437.78887818493126 1 0.9456789713511284 3.7101136687802665
b51.tsp 0.3 8 2 429.98331198338406 437.72840940938886 3 3.5072456112017676 7.851960714765482
b51.tsp 0.3 16 2 429.98331198338406 438.0142789026108 3 3.668872926725811 16.111489285913734
b51.tsp 0.3 4 3 429.98331198338406 436.9953386423081 1 1.1508623643287308 3.7262947539691993
b51.tsp 0.3 8 3 429.98331198338406 441.3055670732779 1 1.038398645211828 8.035835475345607
b51.tsp 0.3 16 3 429.98331198338406 438.2052104640107 1 0.7112812981575587 16.22014824787675
b51.tsp 0.3 4 4 429.98331198338406 449.41769732490434 4 3.965702245452718 3.9658078996104393
b51.tsp 0.3 8 4 429.98331198338406 437.9973126040969 1 0.8794386443665871 9.212711704518512
b51.tsp 0.3 16 4 429.98331198338406 435.9270143987395 3 3.2659734747690266 15.833674093147721
b51.tsp 0.4 4 1 429.98331198338406 443.53222821683977 3 3.867903323427015 4.979995139908738
b51.tsp 0.4 8 1 429.98331198338406 436.5365498633514 4 5.155371381911095 9.959685693974222
b51.tsp 0.4 16 1 429.98331198338406 435.42085124848 3 4.461209981601087 19.900101277056905
b51.tsp 0.4 4 2 429.98331198338406 440.1076788711104 1 1.3356647684136078 4.733863515959058
b51.tsp 0.4 8 2 429.98331198338406 440.3508954373954 1 1.295601013676162 10.68108533988186
b51.tsp 0.4 16 2 429.98331198338406 435.9430135325845 6 6.131485391803324 18.12339409453631
b51.tsp 0.4 4 3 429.98331198338406 438.97714483353866 1 1.6395025802254395 4.754781529841978
b51.tsp 0.4 8 3 429.98331198338406 433.11055469513207 3 3.7436585619865923 9.379471095286476
b51.tsp 0.4 16 3 429.98331198338406 437.7116165305527 6 7.405623518011794 19.94295128286791
b51.tsp 0.4 4 4 429.98331198338406 438.6818939528048 1 1.0761319710990733 4.263787037442341
b51.tsp 0.4 8 4 429.98331198338406 437.4929732061287 5 4.652747385436953 8.268281263442589
b51.tsp 0.4 16 4 429.98331198338406 430.6916825056662 1 1.347324459390336 19.55428163474153
b51.tsp 0.5 4 1 429.98331198338406 443.09984735943647 1 1.1421957047056708 5.227402160476572
b51.tsp 0.5 8 1 429.98331198338406 433.7955708894945 6 7.503077101876215 10.93304182848101
b51.tsp 0.5 16 1 429.98331198338406 441.58284785469266 4 5.956108847932001 21.310972184278967
b51.tsp 0.5 4 2 429.98331198338406 446.7572738494249 3 3.632879875750689 4.8433972943479375
b51.tsp 0.5 8 2 429.98331198338406 444.1475507378015 5 7.196569258564409 10.562843243944883
b51.tsp 0.5 16 2 429.98331198338406 437.1934872709804 9 11.357540310834565 19.908544553603633
b51.tsp 0.5 4 3 429.98331198338406 443.5005282715926 3 4.888942084918767 5.924251402558923
b51.tsp 0.5 8 3 429.98331198338406 438.1639776771614 8 9.733434861947728 9.733545044140783
b51.tsp 0.5 16 3 429.98331198338406 437.5711202662902 3 3.884121236636645 19.11869399386302
b51.tsp 0.5 4 4 429.98331198338406 450.5449783805749 1 1.100059619131855 5.040983247778627
b51.tsp 0.5 8 4 429.98331198338406 445.7007574217463 4 4.608392260682024 9.076466743844549
b51.tsp 0.5 16 4 429.98331198338406 440.15140613402485 14 18.14604845903409 20.574941248741595
j101.tsp 0.2 4 1 642.3095357906022 677.9295040116685 3 74.8666116258828 107.41645789908216
j101.tsp 0.2 8 1 642.3095357906022 674.1977567412639 3 69.612411646709 180.4699068281261
j101.tsp 0.2 16 1 642.3095357906022 656.3818076347283 12 307.08888623914936 399.15058102240073
j101.tsp 0.2 4 2 642.3095357906022 666.6097776999097 4 144.93000774293978 144.9304988838394
j101.tsp 0.2 8 2 642.3095357906022 665.9230939762293 5 156.76848879839417 223.8233160613927
j101.tsp 0.2 16 2 642.3095357906022 670.811272200325 11 255.4504486528349 378.8739071964046
j101.tsp 0.2 4 3 642.3095357906022 669.3066251915523 4 92.47945283220906 92.4799874422497
j101.tsp 0.2 8 3 642.3095357906022 673.4802015722051 2 44.375884589429916 177.98271799848226
j101.tsp 0.2 16 3 642.3095357906022 668.7637208755361 11 276.6601244605954 415.44372753905554
j101.tsp 0.2 4 4 642.3095357906022 680.5975627543488 3 72.92524183481873 100.17146100078753
j101.tsp 0.2 8 4 642.3095357906022 680.3669462930162 2 59.6489181768884 192.03858670960835
j101.tsp 0.2 16 4 642.3095357906022 670.5987139823436 16 430.50849625455885 430.50893004034515
j101.tsp 0.3 4 1 642.3095357906022 670.3615464342541 3 98.2476104802845 124.47419759440163
j101.tsp 0.3 8 1 642.3095357906022 674.0133302281746 1 29.13732233121482 210.78967124954215
j101.tsp 0.3 16 1 642.3095357906022 668.6238673952051 4 115.45401795215366 454.55720131192356
j101.tsp 0.3 4 2 642.3095357906022 668.5605309810361 1 36.175025772066874 147.48395460493703
j101.tsp 0.3 8 2 642.3095357906022 677.4374105556917 2 53.57273639740379 220.20454282691207
j101.tsp 0.3 16 2 642.3095357906022 673.7929988548512 8 223.2608703789483 450.11244289015303
j101.tsp 0.3 4 3 642.3095357906022 675.7768185375991 3 83.11644839021028 116.41739912669436
j101.tsp 0.3 8 3 642.3095357906022 678.276898539716 6 187.8498162372307 247.34533333131913
j101.tsp 0.3 16 3 642.3095357906022 659.7219881105345 10 294.5378835057236 467.01211158890146
j101.tsp 0.3 4 4 642.3095357906022 670.9216095408211 1 33.64621192111008 119.01530536315477
j101.tsp 0.3 8 4 642.3095357906022 663.148671302649 6 153.03885144874585 202.27879777643466
j101.tsp 0.3 16 4 642.3095357906022 666.6037283012039 5 129.07310241359664 446.83332996246463
j101.tsp 0.4 4 1 642.3095357906022 663.5401628845478 4 123.18270954615582 123.1831976683643
j101.tsp 0.4 8 1 642.3095357906022 664.8916785559782 2 67.1725631245863 277.27370403855457
j101.tsp 0.4 16 1 642.3095357906022 661.1872692363204 4 131.7396171395194 498.8838969479548
j101.tsp 0.4 4 2 642.3095357906022 674.9257145235514 3 105.84430109020104 142.82682981681137
j101.tsp 0.4 8 2 642.3095357906022 663.656266500061 1 40.689137394176214 244.50444970031822
j101.tsp 0.4 16 2 642.3095357906022 659.6680165372803 1 39.96494938410979 523.8737396590986
j101.tsp 0.4 4 3 642.3095357906022 681.5520768697753 4 109.88500390165427 109.8856535237901
j101.tsp 0.4 8 3 642.3095357906022 673.3312989276858 1 44.65175544383237 255.5610196531852
j101.tsp 0.4 16 3 642.3095357906022 658.9287634924374 8 256.00227609242575 539.9888054891853
j101.tsp 0.4 4 4 642.3095357906022 680.8299684587861 3 89.87429449435876 122.90559921755266
j101.tsp 0.4 8 4 642.3095357906022 655.9705501377342 5 172.94002737951814 274.2915861556794
j101.tsp 0.4 16 4 642.3095357906022 665.0516954270249 5 165.7186692406067 535.2188659082713
j101.tsp 0.5 4 1 642.3095357906022 659.6159338651188 3 96.14098551179632 126.44859910133528
j101.tsp 0.5 8 1 642.3095357906022 669.2895538637911 6 217.60453377084195 280.82538114737326
j101.tsp 0.5 16 1 642.3095357906022 662.2208358140207 1 31.748132562759565 544.4387159095495
j101.tsp 0.5 4 2 642.3095357906022 665.0628787014115 3 124.87413057948288 157.4171890258549
j101.tsp 0.5 8 2 642.3095357906022 672.4169909046964 6 188.7358473991735 263.8330377532511
j101.tsp 0.5 16 2 642.3095357906022 668.7682270130309 13 458.78185887925065 538.8448106451106
j101.tsp 0.5 4 3 642.3095357906022 674.0827371154099 2 67.47991016378 126.13988610481829
j101.tsp 0.5 8 3 642.3095357906022 674.0583436693466 2 67.40001630092593 246.90242295170538
j101.tsp 0.5 16 3 642.3095357906022 665.9652107375924 10 319.3421178224962 529.6826073634875
j101.tsp 0.5 4 4 642.3095357906022 676.251718354587 2 73.25349571874176 134.97347295781947
j101.tsp 0.5 8 4 642.3095357906022 663.8405712439603 5 155.63253936749607 246.62942045676027
j101.tsp 0.5 16 4 642.3095357906022 669.1770208963342 7 239.83048665814567 561.7446616727466
a48.txt 0.2 4 1 33523.70850743559 34161.16648202183 4 3.188522442414787 3.188595797450746
a48.txt 0.2 8 1 33523.70850743559 34070.80275830932 7 4.67044480320323 5.361076429306273
a48.txt 0.2 16 1 33523.70850743559 33930.520831208516 13 10.629607782999503 12.452542612332824
a48.txt 0.2 4 2 33523.70850743559 34688.426092873015 1 0.6685958336754574 2.577906972532009
a48.txt 0.2 8 2 33523.70850743559 33555.276457085136 5 2.897556824493698 5.149470092880154
a48.txt 0.2 16 2 33523.70850743559 34228.23537889125 8 6.176864425403661 12.479468438618436
a48.txt 0.2 4 3 33523.70850743559 34888.98734312948 4 3.2737244676175266 3.273821972459558
a48.txt 0.2 8 3 33523.70850743559 34325.109329182975 8 7.37157585937085 7.371658270584092
a48.txt 0.2 16 3 33523.70850743559 33784.027009908306 4 3.2473640486666966 12.324900623548004
a48.txt 0.2 4 4 33523.70850743559 33915.18216144403 4 2.7772433962355194 2.7773463347839282
a48.txt 0.2 8 4 33523.70850743559 33861.846243798114 2 1.283348165339234 5.569640493911834
a48.txt 0.2 16 4 33523.70850743559 34084.313530986714 4 3.073849503238492 10.389905864055919
a48.txt 0.3 4 1 33523.70850743559 34242.24661891875 1 1.0890219207789755 3.1588332745688064
a48.txt 0.3 8 1 33523.70850743559 34066.87075279926 5 5.429093150631985 7.887366813819469
a48.txt 0.3 16 1 33523.70850743559 33659.380722890186 6 5.4516345796243115 14.77826402741485
a48.txt 0.3 4 2 33523.70850743559 34576.78523977974 3 2.9558692481199387 3.832669012417824
a48.txt 0.3 8 2 33523.70850743559 34265.95172028446 8 7.50120839592158 7.50129533522346
a48.txt 0.3 16 2 33523.70850743559 33909.40092267966 16 14.775734335228279 14.775821576402748
a48.txt 0.3 4 3 33523.70850743559 33639.25024795529 4 3.698105689211303 3.6982025903081706
a48.txt 0.3 8 3 33523.70850743559 34228.44267336216 5 3.971422628851286 6.3716163102960195
a48.txt 0.3 16 3 33523.70850743559 33871.38497325037 11 9.9779569626306 15.66043651981974
a48.txt 0.3 4 4 33523.70850743559 34542.70734944478 4 3.9861703116774265 3.986266307156569
a48.txt 0.3 8 4 33523.70850743559 33931.47156477728 2 2.1122552417153884 8.242808187750228
a48.txt 0.3 16 4 33523.70850743559 33639.25024795529 11 10.302771250621873 16.232233591414285
a48.txt 0.4 4 1 33523.70850743559 33607.68229830574 4 3.545538383701796 3.545632869818064
a48.txt 0.4 8 1 33523.70850743559 34325.109329182975 6 6.90817006051941 9.196785902309188
a48.txt 0.4 16 1 33523.70850743559 33659.380722890186 16 16.10825995817251 16.10834599185668
a48.txt 0.4 4 2 33523.70850743559 33619.91135886103 3 3.17848729237204 3.973435213315213
a48.txt 0.4 8 2 33523.70850743559 33891.78595592239 4 4.552739855873966 10.225957056814849
a48.txt 0.4 16 2 33523.70850743559 33748.16838068663 16 16.97482805338072 16.974917709535788
a48.txt 0.4 4 3 33523.70850743559 33953.51492403792 1 1.1066171676141323 4.12642514043111
a48.txt 0.4 8 3 33523.70850743559 33907.33591817209 8 8.809345431581193 8.809437502716861
a48.txt 0.4 16 3 33523.70850743559 33732.82971092214 15 17.497793009597046 18.580420967344594
a48.txt 0.4 4 4 33523.70850743559 34357.945147756116 4 4.523421689423856 4.523517383030423
a48.txt 0.4 8 4 33523.70850743559 34054.51335497606 4 4.557754864978449 8.013059007636173
a48.txt 0.4 16 4 33523.70850743559 33659.380722890186 13 11.97870983283508 14.3973889833415
a48.txt 0.5 4 1 33523.70850743559 34066.87075279926 1 1.2488824677237744 3.9008224820204873
a48.txt 0.5 8 1 33523.70850743559 34220.79345812775 6 6.1651261102873605 8.264910090271997
a48.txt 0.5 16 1 33523.70850743559 33772.05290861102 10 10.402175776778506 17.299878103853814
a48.txt 0.5 4 2 33523.70850743559 34980.341247362514 1 0.6408652151022807 3.9276828019570758
a48.txt 0.5 8 2 33523.70850743559 34220.88700315446 8 10.190690793127885 10.190781958645857
a48.txt 0.5 16 2 33523.70850743559 34226.53933009665 7 6.589441221786956 16.493863836148364
a48.txt 0.5 4 3 33523.70850743559 33555.276457085136 4 4.902079479426789 4.902174569288206
a48.txt 0.5 8 3 33523.70850743559 34078.71888347946 4 4.232306342705101 8.413611615573757
a48.txt 0.5 16 3 33523.70850743559 34053.018497915415 13 13.311221569640793 16.483064948488447
a48.txt 0.5 4 4 33523.70850743559 33772.05290861102 1 1.0642964436995612 4.067044087885961
a48.txt 0.5 8 4 33523.70850743559 33784.02700990831 4 4.657447075699963 8.374828234504264
a48.txt 0.5 16 4 33523.70850743559 34209.18804428269 7 7.148578361290788 17.14593848561401
e76.tsp 0.2 4 1 545.3875524687445 570.8252390376404 4 32.304202730377085 32.30442068237693
e76.tsp 0.2 8 1 545.3875524687445 561.8702159569672 7 38.310100716766215 46.895768833226214
e76.tsp 0.2 16 1 545.3875524687445 559.7453474192289 10 60.243229299993686 94.61889613651397
e76.tsp 0.2 4 2 545.3875524687445 564.7058859628529 3 20.420149873696573 27.40436374920921
e76.tsp 0.2 8 2 545.3875524687445 575.0515902168373 2 10.16923459604618 42.10422512932223
e76.tsp 0.2 16 2 545.3875524687445 563.420221811318 13 75.06454337546677 91.70599965707277
e76.tsp 0.2 4 3 545.3875524687445 575.4572526337128 3 19.042265783105677 26.555356789234907
e76.tsp 0.2 8 3 545.3875524687445 571.0767803392367 4 25.11173843586539 48.18149183012065
e76.tsp 0.2 16 3 545.3875524687445 555.6033276538226 5 29.936428654227825 95.08705461720137
e76.tsp 0.2 4 4 545.3875524687445 578.0716917370759 3 16.298009814481134 21.970299360996023
e76.tsp 0.2 8 4 545.3875524687445 569.5888296737229 1 6.390742051091479 51.4336840287674
e76.tsp 0.2 16 4 545.3875524687445 560.126457462884 16 94.389176841785 94.38942618853275
e76.tsp 0.3 4 1 545.3875524687445 573.3050233762759 1 7.011357351925426 28.905639462715044
e76.tsp 0.3 8 1 545.3875524687445 568.2358752373163 2 13.322475077400213 52.55398025028876
e76.tsp 0.3 16 1 545.3875524687445 572.8777253388483 14 98.28416141005869 111.95684399466768
e76.tsp 0.3 4 2 545.3875524687445 561.5262810282329 4 24.754180331431826 24.754403113392982
e76.tsp 0.3 8 2 545.3875524687445 571.9553989653202 2 15.60679798928686 54.573407259914575
e76.tsp 0.3 16 2 545.3875524687445 563.1869899633635 8 53.119709683106294 106.59382954342368
e76.tsp 0.3 4 3 545.3875524687445 573.2124005834929 2 12.730483636091321 22.932170741543814
e76.tsp 0.3 8 3 545.3875524687445 582.2319664833763 8 52.201741442516095 52.20193464096474
e76.tsp 0.3 16 3 545.3875524687445 560.5918442032699 2 10.827875577784198 105.36909174994321
e76.tsp 0.3 4 4 545.3875524687445 577.9547762225795 1 6.804148393313426 29.257062007042123
e76.tsp 0.3 8 4 545.3875524687445 571.6807632311339 4 37.04101603064123 66.55022887978703
e76.tsp 0.3 16 4 545.3875524687445 565.2220494933518 2 17.608033855613257 123.23937287783588
e76.tsp 0.4 4 1 545.3875524687445 568.9937475851344 1 7.679548676348986 29.252883486845576
e76.tsp 0.4 8 1 545.3875524687445 567.6504743936492 2 15.580386251998334 61.860586791988
e76.tsp 0.4 16 1 545.3875524687445 565.954398366635 6 46.584925811795756 131.4679679990918
e76.tsp 0.4 4 2 545.3875524687445 576.6160660833755 2 16.137109920257444 31.60453847305598
e76.tsp 0.4 8 2 545.3875524687445 565.7923859093025 3 23.679634106288177 60.69600073173888
e76.tsp 0.4 16 2 545.3875524687445 563.3437555076845 7 50.75710185422213 124.73487920267007
e76.tsp 0.4 4 3 545.3875524687445 572.0299204737397 2 15.419215578073818 32.228360264391995
e76.tsp 0.4 8 3 545.3875524687445 559.4460455796664 8 64.46444363676801 64.46463925019725
e76.tsp 0.4 16 3 545.3875524687445 565.2322054983924 16 125.82650568003419 125.8267197076907
e76.tsp 0.4 4 4 545.3875524687445 565.4449202016156 4 33.20703025004741 33.20724639081209
e76.tsp 0.4 8 4 545.3875524687445 572.5276297402073 5 39.02233313691477 58.5339926632887
e76.tsp 0.4 16 4 545.3875524687445 563.746927593911 7 60.47118143266289 129.36953188015877
e76.tsp 0.5 4 1 545.3875524687445 573.0221367009685 3 27.677124941436432 35.60053292584553
e76.tsp 0.5 8 1 545.3875524687445 569.8848759708848 8 69.70062964581894 69.70082646673836
e76.tsp 0.5 16 1 545.3875524687445 567.9306373170537 10 83.28869100806105 129.02132458063852
e76.tsp 0.5 4 2 545.3875524687445 563.4950075002388 3 22.28562911452309 31.53550896923798
e76.tsp 0.5 8 2 545.3875524687445 566.864172478165 2 15.107268306760488 72.0436661699855
e76.tsp 0.5 16 2 545.3875524687445 562.3113172177815 1 8.648551796504307 135.08249936002994
e76.tsp 0.5 4 3 545.3875524687445 567.4970622075184 4 33.62321381996844 33.6234326775857
e76.tsp 0.5 8 3 545.3875524687445 565.7006362203796 8 58.89737751218354 58.897578861191505
e76.tsp 0.5 16 3 545.3875524687445 562.1787066475007 8 62.113217611487926 130.21213883965038
e76.tsp 0.5 4 4 545.3875524687445 562.4966947464594 1 10.285305507121848 29.75063453615485
e76.tsp 0.5 8 4 545.3875524687445 568.89509468456 5 42.0883910070952 62.84433759496869
e76.tsp 0.5 16 4 545.3875524687445 567.7967362751937 2 17.19402920194534 129.24675849227924
c52.tsp 0.2 4 1 7544.365901904087 7957.2411088702065 4 3.415932411937732 3.4160178418767297
c52.tsp 0.2 8 1 7544.365901904087 7869.443789118918 6 6.27727328162055 9.201285614926512
c52.tsp 0.2 16 1 7544.365901904087 7769.898338567405 7 7.455922981438457 15.876962473616336
c52.tsp 0.2 4 2 7544.365901904087 7847.8007026141795 4 4.166326959394517 4.166435633521864
c52.tsp 0.2 8 2 7544.365901904087 7911.919465403959 7 7.2489648789370165 8.137122297032946
c52.tsp 0.2 16 2 7544.365901904087 7785.4358692278565 16 15.509142210963049 15.509283789201177
c52.tsp 0.2 4 3 7544.365901904087 7946.664674665582 1 1.5505283373824597 4.9439845248042715
c52.tsp 0.2 8 3 7544.365901904087 7903.371758940133 6 7.534203068474362 9.48724075183177
c52.tsp 0.2 16 3 7544.365901904087 7898.724370021189 6 5.606618375104446 17.910152155853197
c52.tsp 0.2 4 4 7544.365901904087 7919.326855554893 4 5.4030659990050225 5.403176182495258
c52.tsp 0.2 8 4 7544.365901904087 8047.201518502633 5 4.917499432479573 8.552935469303193
c52.tsp 0.2 16 4 7544.365901904087 7854.690229218645 10 10.220719265749295 15.78951481832101
c52.tsp 0.3 4 1 7544.365901904087 8030.982239705875 3 3.576905359324954 5.0018504788906455
c52.tsp 0.3 8 1 7544.365901904087 7997.277644490017 8 10.598774216218033 10.598888927796907
c52.tsp 0.3 16 1 7544.365901904087 7544.365901904088 1 2.223922737525413 19.38118023724769
c52.tsp 0.3 4 2 7544.365901904087 7910.937514560871 3 2.7418041595625766 3.8172218908331956
c52.tsp 0.3 8 2 7544.365901904087 7908.118360641218 6 8.298387758946319 11.182433370685061
c52.tsp 0.3 16 2 7544.365901904087 7829.076340090939 10 13.780741495645799 21.398336259484864
c52.tsp 0.3 4 3 7544.365901904087 8049.839852654272 2 2.677137620084892 4.665605182065377
c52.tsp 0.3 8 3 7544.365901904087 7870.510654604218 5 6.5039762655705715 10.022903977956048
c52.tsp 0.3 16 3 7544.365901904087 7598.4423409045385 13 18.057754563105846 21.37372006027792
c52.tsp 0.3 4 4 7544.365901904087 7606.948443594047 4 5.382343050410299 5.382452932027945
c52.tsp 0.3 8 4 7544.365901904087 7800.933736203283 1 1.4431770156635935 9.018763191831596
c52.tsp 0.3 16 4 7544.365901904087 7746.347859668592 8 9.530960655135914 18.966200535159714
c52.tsp 0.4 4 1 7544.365901904087 7875.063151732773 3 3.1414339430354516 4.3331040107997865
c52.tsp 0.4 8 1 7544.365901904087 7940.236843735941 3 4.87744456412014 12.336262201689522
c52.tsp 0.4 16 1 7544.365901904087 7544.365901904087 8 12.051996041846792 22.956715396950358
c52.tsp 0.4 4 2 7544.365901904087 7837.132265926903 2 3.252143295289329 5.931011550852247
c52.tsp 0.4 8 2 7544.365901904087 7619.153101381145 3 4.597316171676141 10.608331501972998
c52.tsp 0.4 16 2 7544.365901904087 7742.357135494207 13 18.725111209857005 21.765031744920122
c52.tsp 0.4 4 3 7544.365901904087 7973.838175194486 2 2.0335428731507363 3.718572649861642
c52.tsp 0.4 8 3 7544.365901904087 8003.620071207605 1 1.00313313546593 11.182267944513399
c52.tsp 0.4 16 3 7544.365901904087 7544.365901904087 7 9.622929154128883 22.752240196386254
c52.tsp 0.4 4 4 7544.365901904087 7925.29791105251 4 4.9789920836935835 4.979099550330602
c52.tsp 0.4 8 4 7544.365901904087 7707.2918867076 2 3.066157790002933 10.830727368009207
c52.tsp 0.4 16 4 7544.365901904087 7544.365901904087 13 16.564473039156496 20.214014373964574
c52.tsp 0.5 4 1 7544.365901904087 7956.532177658997 1 1.174159948995623 4.627799264396913
c52.tsp 0.5 8 1 7544.365901904087 7677.68268289901 2 3.4389157823812297 11.90769612057511
c52.tsp 0.5 16 1 7544.365901904087 7598.4423409045385 10 14.396737240450022 23.012284704478873
c52.tsp 0.5 4 2 7544.365901904087 7862.858493945676 1 1.1117248515994334 5.792775947759139
c52.tsp 0.5 8 2 7544.365901904087 7714.483921619257 2 2.5895722344849332 11.092406817973256
c52.tsp 0.5 16 2 7544.365901904087 7728.992251326052 6 8.948923763892196 24.356751199037888
c52.tsp 0.5 4 3 7544.365901904087 8095.370001864391 1 1.1509981718596691 4.046323554271851
c52.tsp 0.5 8 3 7544.365901904087 8028.815073640187 5 7.251456535179045 11.321163441057593
c52.tsp 0.5 16 3 7544.365901904087 7544.365901904089 12 15.163183862133621 21.21544736308266
c52.tsp 0.5 4 4 7544.365901904087 7870.510654604219 2 2.6896900855385866 6.4318097019430525
c52.tsp 0.5 8 4 7544.365901904087 8007.455239276308 3 3.511276751947662 10.98426187325208
c52.tsp 0.5 16 4 7544.365901904087 7619.153101381144 10 13.970149632198513 23.465932170439714
g100.tsp 0.2 4 1 21285.44318157108 22153.684213826516 3 86.02955845702058 114.96303268434747
g100.tsp 0.2 8 1 21285.44318157108 22506.389875562993 1 34.16002023753754 212.75728418525807
g100.tsp 0.2 16 1 21285.44318157108 21762.492721452585 12 310.9874801367845 429.8556575146953
g100.tsp 0.2 4 2 21285.44318157108 21921.651270756607 3 69.15637633367328 101.04282032302785
g100.tsp 0.2 8 2 21285.44318157108 21879.573321394008 4 113.28276464564988 232.68612557416168
g100.tsp 0.2 16 2 21285.44318157108 21713.44645693286 5 149.14479136982527 456.93478314681647
g100.tsp 0.2 4 3 21285.44318157108 22610.309908759555 4 118.12389937258786 118.12437602938553
g100.tsp 0.2 8 3 21285.44318157108 21846.54941996242 6 171.62447353422795 243.74741174453402
g100.tsp 0.2 16 3 21285.44318157108 21848.629438002372 4 106.21671703913717 423.9311223380878
g100.tsp 0.2 4 4 21285.44318157108 22389.57685136849 2 64.78010726136381 123.14213549490205
g100.tsp 0.2 8 4 21285.44318157108 21558.383709172682 7 200.5405354495001 230.72236598065138
g100.tsp 0.2 16 4 21285.44318157108 21712.62178024289 6 157.2177189542167 439.7461834250221
g100.tsp 0.3 4 1 21285.44318157108 21964.36759488985 3 95.49811420201786 125.51880635961015
g100.tsp 0.3 8 1 21285.44318157108 21438.243532985205 1 27.527692884500993 271.67559746620236
g100.tsp 0.3 16 1 21285.44318157108 21970.431709626024 1 25.28482069976417 506.232602177829
g100.tsp 0.3 4 2 21285.44318157108 21391.046288856916 2 69.00088931660866 135.42990911220477
g100.tsp 0.3 8 2 21285.44318157108 21779.429192332336 1 42.16709311199247 281.020309383166
g100.tsp 0.3 16 2 21285.44318157108 21465.747684735932 9 292.0757784689986 555.208518481847
g100.tsp 0.3 4 3 21285.44318157108 22170.342010247365 1 40.242823583252175 135.35259169681467
g100.tsp 0.3 8 3 21285.44318157108 22243.63040769118 2 71.78012416622823 279.3726547519582
g100.tsp 0.3 16 3 21285.44318157108 21573.825518046655 14 448.3376924739541 515.6544851019844
g100.tsp 0.3 4 4 21285.44318157108 21492.971688621954 2 66.04786280253666 119.0237996338883
g100.tsp 0.3 8 4 21285.44318157108 22006.548690710457 5 169.76735405064665 250.72372531285964
g100.tsp 0.3 16 4 21285.44318157108 21688.22445594418 15 445.52639060620913 469.8365360001162
g100.tsp 0.4 4 1 21285.44318157108 21907.98031886033 1 39.833865937181145 145.15410444066583
g100.tsp 0.4 8 1 21285.44318157108 21688.991808073602 7 258.3896359899736 283.3666336015576
g100.tsp 0.4 16 1 21285.44318157108 21750.8384363302 5 186.9881973860247 561.6294106602072
g100.tsp 0.4 4 2 21285.44318157108 21701.839174174238 2 55.86289460783337 113.00514602180374
g100.tsp 0.4 8 2 21285.44318157108 21868.745419503655 4 133.38906756391407 283.37784454528446
g100.tsp 0.4 16 2 21285.44318157108 21717.498212790175 9 329.4381798170416 585.536738194367
g100.tsp 0.4 4 3 21285.44318157108 21813.45540893421 1 30.34330488888736 125.97842637448593
g100.tsp 0.4 8 3 21285.44318157108 22046.279727494162 7 216.9452680869963 257.3990058128584
g100.tsp 0.4 16 3 21285.44318157108 21712.26797362732 6 218.71521250621663 581.9178689245109
g100.tsp 0.4 4 4 21285.44318157108 22279.87379894388 3 94.05897593954614 126.72093902898268
g100.tsp 0.4 8 4 21285.44318157108 21517.779027024873 6 194.29478521162673 254.90882512401004
g100.tsp 0.4 16 4 21285.44318157108 21693.519306414943 2 58.88124393236285 568.9684023937298
g100.tsp 0.5 4 1 21285.44318157108 21833.349134866818 3 106.52826040494438 137.15894164682504
g100.tsp 0.5 8 1 21285.44318157108 21559.064394361074 1 35.00603292343112 311.77567909254685
g100.tsp 0.5 16 1 21285.44318157108 21567.80950649453 10 350.1989467062085 578.8793457576048
g100.tsp 0.5 4 2 21285.44318157108 22171.65187307981 1 34.59745835365902 130.78347283871335
g100.tsp 0.5 8 2 21285.44318157108 21371.424211132828 7 272.0835951574809 303.04005215150573
g100.tsp 0.5 16 2 21285.44318157108 21826.706969161773 11 394.85893102090813 593.9013039687779
g100.tsp 0.5 4 3 21285.44318157108 21789.822444427984 2 77.74360482947668 161.96158339410977
g100.tsp 0.5 8 3 21285.44318157108 22026.90577220876 4 139.68744324795625 295.1966905105746
g100.tsp 0.5 16 3 21285.44318157108 21635.230138806754 3 100.38000353794632 554.1191002023752
g100.tsp 0.5 4 4 21285.44318157108 21827.65285128838 2 70.38067067633892 145.6554269444223
g100.tsp 0.5 8 4 21285.44318157108 21676.383704577955 4 131.69991300032416 282.15083999063063
g100.tsp 0.5 16 4 21285.44318157108 21473.37037318373 7 246.05947765176825 582.828942999211
k105.tsp 0.2 4 1 14382.99593345118 15151.74298476959 4 149.47410446481626 149.4747208886165
k105.tsp 0.2 8 1 14382.99593345118 14822.017568738269 7 208.1595915784801 240.85555004805974
k105.tsp 0.2 16 1 14382.99593345118 14689.436745179033 3 129.88033529590757 600.1741140643644
k105.tsp 0.2 4 2 14382.99593345118 14674.823714804377 1 24.79402479460623 119.27952374167398
k105.tsp 0.2 8 2 14382.99593345118 14569.039513629925 3 105.98462110161927 280.0564637559728
k105.tsp 0.2 16 2 14382.99593345118 14646.64172198636 10 409.5128069440325 609.8901772475001
k105.tsp 0.2 4 3 14382.99593345118 15103.55394043401 1 31.197050946429954 127.0015875478748
k105.tsp 0.2 8 3 14382.99593345118 14589.520822680859 7 221.12280840509993 261.3282981993907
k105.tsp 0.2 16 3 14382.99593345118 14579.940961116265 1 29.70405046585074 595.2840439816282
k105.tsp 0.2 4 4 14382.99593345118 14761.628634783021 3 97.70341079785794 142.90096436212843
k105.tsp 0.2 8 4 14382.99593345118 14876.831949278043 5 175.65885229254127 292.0412617549191
k105.tsp 0.2 16 4 14382.99593345118 14525.428301335 15 559.0280515091217 590.3499424630863
k105.tsp 0.3 4 1 14382.99593345118 15463.999816280992 3 98.47444346771954 133.2746125767335
k105.tsp 0.3 8 1 14382.99593345118 14761.409628401207 2 77.15999789896523 281.28824182166863
k105.tsp 0.3 16 1 14382.99593345118 14668.158409257565 16 681.9366722653976 681.9371151124651
k105.tsp 0.3 4 2 14382.99593345118 14921.770929326107 3 139.72907751363527 182.68732914012435
k105.tsp 0.3 8 2 14382.99593345118 14640.378217884088 7 327.5011682468721 361.64149854376956
k105.tsp 0.3 16 2 14382.99593345118 14488.541127554352 1 37.99026521317137 564.1126020933043
k105.tsp 0.3 4 3 14382.99593345118 14951.66280407973 4 164.1201018155807 164.1206714491309
k105.tsp 0.3 8 3 14382.99593345118 14506.508322011721 4 181.02844213223216 341.94580179770855
k105.tsp 0.3 16 3 14382.99593345118 14773.857186780002 7 273.1019363314481 617.6561568723046
k105.tsp 0.3 4 4 14382.99593345118 14787.196933235631 2 74.63940686868591 167.41570993184723
k105.tsp 0.3 8 4 14382.99593345118 14653.022244883743 7 298.4462488709978 342.67289178230203
k105.tsp 0.3 16 4 14382.99593345118 14608.4706772822 7 302.57745144681394 687.7090624562297
k105.tsp 0.4 4 1 14382.99593345118 14805.825919463136 1 50.33923625031093 154.80030404606077
k105.tsp 0.4 8 1 14382.99593345118 14603.365769570095 3 146.95237929926952 349.4413624596127
k105.tsp 0.4 16 1 14382.99593345118 14655.23997200723 15 673.5380999415574 716.2011087175961
k105.tsp 0.4 4 2 14382.99593345118 15380.930822348831 2 80.517154512876 154.74189200448382
k105.tsp 0.4 8 2 14382.99593345118 14709.9483651906 5 204.42865573726885 330.7642655923228
k105.tsp 0.4 16 2 14382.99593345118 14560.952247560963 15 607.4539167363 646.5630168058487
k105.tsp 0.4 4 3 14382.99593345118 15052.48354105959 1 54.89763561323707 180.89212191063416
k105.tsp 0.4 8 3 14382.99593345118 14829.212379784623 7 294.34447283388363 343.2178089122426
k105.tsp 0.4 16 3 14382.99593345118 14671.40433299509 10 453.98063547799757 731.8973944170466
k105.tsp 0.4 4 4 14382.99593345118 14963.699642175627 4 197.013657319083 197.0141460507839
k105.tsp 0.4 8 4 14382.99593345118 14564.07860215826 3 130.47923810984503 356.981452948934
k105.tsp 0.4 16 4 14382.99593345118 14698.859534463934 2 84.79533431784148 640.5272578861222
k105.tsp 0.5 4 1 14382.99593345118 14858.264105077315 2 81.08686262624178 191.4080731594222
k105.tsp 0.5 8 1 14382.99593345118 14867.995873857828 3 125.36044974183824 373.8615370868574
k105.tsp 0.5 16 1 14382.99593345118 14635.132672023274 9 403.43462888993236 675.5828727764092
k105.tsp 0.5 4 2 14382.99593345118 15196.243631321033 2 85.94695404532831 170.1577078936025
k105.tsp 0.5 8 2 14382.99593345118 14998.994635310535 4 175.73451393685536 343.9966295926897
k105.tsp 0.5 16 2 14382.99593345118 14601.195959905806 15 719.9878309127162 754.8704839862621
k105.tsp 0.5 4 3 14382.99593345118 14821.28512310292 2 92.5410972343634 176.15836627769386
k105.tsp 0.5 8 3 14382.99593345118 14700.44972844515 7 320.23300215899144 371.9903156258915
k105.tsp 0.5 16 3 14382.99593345118 14828.411686305357 7 316.2667789833904 753.7279690375362
k105.tsp 0.5 4 4 14382.99593345118 15205.077479753454 3 119.68321250379813 177.78909883790766
k105.tsp 0.5 8 4 14382.99593345118 14608.18745796396 1 46.811880255601864 383.22884446800526
k105.tsp 0.5 16 4 14382.99593345118 14862.824207536762 6 276.0708359093114 714.0372100212044
d70.tsp 0.2 4 1 678.5974520966245 694.3982461466715 2 9.408133004294113 18.86486329024127
d70.tsp 0.2 8 1 678.5974520966245 703.6421031871097 6 27.166898352539867 35.47782441682327
d70.tsp 0.2 16 1 678.5974520966245 695.1598259473701 9 43.50412551789717 73.26882021327174
d70.tsp 0.2 4 2 678.5974520966245 694.8366030360612 2 9.219867025892981 17.69770955496689
d70.tsp 0.2 8 2 678.5974520966245 693.1272075784818 5 23.395054751824404 33.96386485242286
d70.tsp 0.2 16 2 678.5974520966245 693.1155100893235 10 44.741754020542345 73.6604888798328
d70.tsp 0.2 4 3 678.5974520966245 688.7619308899432 2 9.312730346321331 17.81569305772527
d70.tsp 0.2 8 3 678.5974520966245 690.8369203525255 5 26.549289018693344 36.92023364803367
d70.tsp 0.2 16 3 678.5974520966245 694.8227008474389 12 54.51456511731453 72.5830840634834
d70.tsp 0.2 4 4 678.5974520966245 700.7549764213059 1 6.861418943904823 21.113444572739525
d70.tsp 0.2 8 4 678.5974520966245 700.2233453321932 3 12.327928335861486 32.29891100092823
d70.tsp 0.2 16 4 678.5974520966245 692.1158855485514 5 22.524954002430036 74.3572315424845
d70.tsp 0.3 4 1 678.5974520966245 700.1522955774218 2 12.807708272015873 22.832860452655325
d70.tsp 0.3 8 1 678.5974520966245 691.5517205397437 1 6.158994468216747 43.91990642003816
d70.tsp 0.3 16 1 678.5974520966245 689.530624840599 14 74.66607892413231 83.85100409789675
d70.tsp 0.3 4 2 678.5974520966245 710.2073203990724 4 19.38341914012085 19.38361958236169
d70.tsp 0.3 8 2 678.5974520966245 680.9698097714091 2 10.098994317281267 41.361204464669754
d70.tsp 0.3 16 2 678.5974520966245 692.2572992739607 3 17.118404008844777 84.215693359596
d70.tsp 0.3 4 3 678.5974520966245 715.6914773227294 4 20.75027130642161 20.75046390002035
d70.tsp 0.3 8 3 678.5974520966245 693.6747601436359 4 21.585864897703573 44.30707509791944
d70.tsp 0.3 16 3 678.5974520966245 688.7661975929276 13 70.50610669625007 82.92357626389548
d70.tsp 0.3 4 4 678.5974520966245 707.3227684238323 4 23.552402212713332 23.552634351392726
d70.tsp 0.3 8 4 678.5974520966245 687.5239058978754 6 28.340690529557037 40.33604654848432
d70.tsp 0.3 16 4 678.5974520966245 691.8583798255563 1 5.873154474857984 84.71740753318693
d70.tsp 0.4 4 1 678.5974520966245 687.4970005909769 4 24.588496909597097 24.588704294867284
d70.tsp 0.4 8 1 678.5974520966245 685.2078795305273 7 40.38893703728854 46.595141992498384
d70.tsp 0.4 16 1 678.5974520966245 698.9939066372892 2 11.811277291011038 90.31797293727891
d70.tsp 0.4 4 2 678.5974520966245 698.3428779604973 2 12.874352600239945 25.63415578044919
d70.tsp 0.4 8 2 678.5974520966245 702.187615806081 4 25.125187952334727 51.45033424649273
d70.tsp 0.4 16 2 678.5974520966245 700.9148132910749 15 87.81814998452933 94.74256484563102
d70.tsp 0.4 4 3 678.5974520966245 698.4725643767364 3 18.521689571117122 24.6139871855828
d70.tsp 0.4 8 3 678.5974520966245 686.0528957301061 8 46.55301138807772 46.55325167726983
d70.tsp 0.4 16 3 678.5974520966245 705.4683741870854 15 86.79666462903833 92.67340382017551
d70.tsp 0.4 4 4 678.5974520966245 703.2282427170853 1 7.350243232432831 22.575330812711627
d70.tsp 0.4 8 4 678.5974520966245 693.4652506162688 8 39.1755855917047 39.17577999652849
d70.tsp 0.4 16 4 678.5974520966245 697.9384592360789 3 15.385237610088552 90.46077354403928
d70.tsp 0.5 4 1 678.5974520966245 692.2942788517249 2 13.908858852739968 23.26327846830759
d70.tsp 0.5 8 1 678.5974520966245 691.2373819200767 4 23.817415834635085 48.0915260325869
d70.tsp 0.5 16 1 678.5974520966245 692.2920987672919 3 19.346738511927697 98.82528289071524
d70.tsp 0.5 4 2 678.5974520966245 702.9591547187339 2 9.527022119586263 22.11776343891279
d70.tsp 0.5 8 2 678.5974520966245 689.1074597293488 6 39.472867093813875 48.09612261993698
d70.tsp 0.5 16 2 678.5974520966245 683.179361042637 11 73.04212396326216 101.3804200532802
d70.tsp 0.5 4 3 678.5974520966245 704.3195195131323 4 22.13345589289611 22.133642449077797
d70.tsp 0.5 8 3 678.5974520966245 702.3948881766016 5 30.54524606247196 46.02339951851582
d70.tsp 0.5 16 3 678.5974520966245 687.4136688457534 16 99.6770887575749 99.67728829420321
d70.tsp 0.5 4 4 678.5974520966245 697.762844829259 1 5.920618231489698 24.58985080033517
d70.tsp 0.5 8 4 678.5974520966245 689.7928415766455 4 21.50874021749769 46.05515633136338
d70.tsp 0.5 16 4 678.5974520966245 698.7560964729265 1 3.861075716754385 94.40793527889082
h100.tsp 0.2 4 1 20750.762503687547 21202.53829111863 1 35.29402159885876 127.37407985993195
h100.tsp 0.2 8 1 20750.762503687547 21379.267257818046 1 22.833236281856898 251.8677108379179
h100.tsp 0.2 16 1 20750.762503687547 21236.265486179895 10 286.52604073747034 474.530747205808
h100.tsp 0.2 4 2 20750.762503687547 21185.214915366156 4 122.68921581501354 122.68968884662672
h100.tsp 0.2 8 2 20750.762503687547 21537.12961784154 3 101.18882534507611 239.49543767499108
h100.tsp 0.2 16 2 20750.762503687547 21155.391170188333 16 428.23319039748867 428.2336151297668
h100.tsp 0.2 4 3 20750.762503687547 21946.789550038182 1 27.715758412763535 100.4693928622637
h100.tsp 0.2 8 3 20750.762503687547 21317.63629673764 3 91.13000732036835 225.42022142226506
h100.tsp 0.2 16 3 20750.762503687547 20965.86475069475 9 252.80407736949746 455.7386308647847
h100.tsp 0.2 4 4 20750.762503687547 21557.001102075577 3 81.34522915770413 103.24147343159166
h100.tsp 0.2 8 4 20750.762503687547 21243.53532310913 2 63.219711864278906 227.6172748609506
h100.tsp 0.2 16 4 20750.762503687547 21314.590620898896 15 445.1527149509084 476.48341808357327
h100.tsp 0.3 4 1 20750.762503687547 21590.693128319188 3 83.26968084704913 108.8694631981707
h100.tsp 0.3 8 1 20750.762503687547 21722.94098532019 2 62.49501807451725 253.4443698823461
h100.tsp 0.3 16 1 20750.762503687547 21130.538323546858 10 348.20276875938634 544.8090310700572
h100.tsp 0.3 4 2 20750.762503687547 21395.501648158766 4 149.3801350872036 149.38062532545428
h100.tsp 0.3 8 2 20750.762503687547 21059.809229602888 5 173.0918381670408 272.62471295856085
h100.tsp 0.3 16 2 20750.762503687547 21175.177806561827 16 584.9107452436474 584.9112149546818
h100.tsp 0.3 4 3 20750.762503687547 21216.21746503661 4 126.69719456330586 126.69780766299118
h100.tsp 0.3 8 3 20750.762503687547 20820.370178010253 7 208.2260312285389 253.62204200532778
h100.tsp 0.3 16 3 20750.762503687547 21120.40097068069 2 56.53489370372881 491.9999960756795
h100.tsp 0.3 4 4 20750.762503687547 21464.188146434368 3 95.67294105217297 134.7751527089149
h100.tsp 0.3 8 4 20750.762503687547 21297.555346909598 2 54.01618178662102 257.01485687548484
h100.tsp 0.3 16 4 20750.762503687547 21648.866612705 7 212.0772215807483 511.455339265096
h100.tsp 0.4 4 1 20750.762503687547 20856.504120117632 1 46.84249013259614 151.4001008248615
h100.tsp 0.4 8 1 20750.762503687547 20968.428759728406 2 82.08334955889222 313.8630596119456
h100.tsp 0.4 16 1 20750.762503687547 20750.762503687536 5 170.0214708656913 571.3837110492277
h100.tsp 0.4 4 2 20750.762503687547 21281.741244196997 3 104.77720361943102 137.76116039152657
h100.tsp 0.4 8 2 20750.762503687547 21281.61897415054 1 38.445617816418235 275.8349170987203
h100.tsp 0.4 16 2 20750.762503687547 21336.25636869907 2 59.868171794696536 573.1855177462312
h100.tsp 0.4 4 3 20750.762503687547 22255.87748517444 4 118.68991524976082 118.69057906374837
h100.tsp 0.4 8 3 20750.762503687547 21110.090667914053 5 192.59046601311638 310.1359336487876
h100.tsp 0.4 16 3 20750.762503687547 21257.579091400246 3 114.42166617612747 609.3071058887472
h100.tsp 0.4 4 4 20750.762503687547 21673.832722709572 2 68.42073671579783 136.0691060849622
h100.tsp 0.4 8 4 20750.762503687547 21211.120581255018 6 245.64277932486584 314.30776155221974
h100.tsp 0.4 16 4 20750.762503687547 21177.090969775294 14 473.11123004822366 551.4690399752471
h100.tsp 0.5 4 1 20750.762503687547 21542.589830080018 2 84.01429388636097 163.6468720897774
h100.tsp 0.5 8 1 20750.762503687547 21047.35514146181 3 112.33860973382616 285.04163523436546
h100.tsp 0.5 16 1 20750.762503687547 21275.18642076377 14 535.9810500577314 617.823692031363
h100.tsp 0.5 4 2 20750.762503687547 21319.39554063498 2 75.28871048322071 137.1536522598817
h100.tsp 0.5 8 2 20750.762503687547 21513.206859565693 8 307.68733123533093 307.6877780041814
h100.tsp 0.5 16 2 20750.762503687547 21320.12445778781 10 355.2211505807245 596.9218613356279
h100.tsp 0.5 4 3 20750.762503687547 20889.38536157361 2 89.7948045008925 155.11366191974594
h100.tsp 0.5 8 3 20750.762503687547 21425.34306850057 8 273.322651633498 273.3231491166498
h100.tsp 0.5 16 3 20750.762503687547 20979.80136610459 12 414.3654895213076 567.4374425502047
h100.tsp 0.5 4 4 20750.762503687547 21435.169411749383 3 115.13872565222846 153.55877198940289
h100.tsp 0.5 8 4 20750.762503687547 21532.57733913092 3 104.98009010844544 293.15070418921096
h100.tsp 0.5 16 4 20750.762503687547 21227.01231855639 4 139.6777616276886 568.0865412393323
l130.tsp 0.2 4 1 6110.86094968039 6469.7272805707225 4 443.71762940825647 443.7183988770412
l130.tsp 0.2 8 1 6110.86094968039 6407.841287774574 5 473.7724699827195 797.5887544054276
l130.tsp 0.2 16 1 6110.86094968039 6341.034291708839 1 85.76229089784101 1546.6944538779098
l130.tsp 0.2 4 2 6110.86094968039 6422.698603087083 1 137.94552378364824 447.8987187092025
l130.tsp 0.2 8 2 6110.86094968039 6388.076508406917 1 97.17600790901997 745.6895219120524
l130.tsp 0.2 16 2 6110.86094968039 6287.704732841038 6 630.1004043559951 1677.0933626148035
l130.tsp 0.2 4 3 6110.86094968039 6388.770417957291 1 128.73527587221906 464.8210102107805
l130.tsp 0.2 8 3 6110.86094968039 6431.874004665167 7 663.5013990204316 756.3605237459196
l130.tsp 0.2 16 3 6110.86094968039 6268.139035797659 10 1035.5203480570817 1654.3157895054574
l130.tsp 0.2 4 4 6110.86094968039 6332.053792148386 4 439.4148444987841 439.4162125774492
l130.tsp 0.2 8 4 6110.86094968039 6401.492970261863 1 100.44789845064952 821.9000997683142
l130.tsp 0.2 16 4 6110.86094968039 6351.883405989531 11 1218.5176324269669 1728.984277660802
l130.tsp 0.3 4 1 6110.86094968039 6262.24366185202 2 207.11323628185346 410.0346007380722
l130.tsp 0.3 8 1 6110.86094968039 6262.334476275912 5 540.9961777113676 913.4715065619166
l130.tsp 0.3 16 1 6110.86094968039 6368.416918425424 3 420.4046195295341 1967.0512039363966
l130.tsp 0.3 4 2 6110.86094968039 6281.940653011608 1 114.83882572241419 489.48316179522953
l130.tsp 0.3 8 2 6110.86094968039 6405.73519655963 7 805.8868603168157 938.5200048299375
l130.tsp 0.3 16 2 6110.86094968039 6316.712211086052 11 1225.9159410446227 1779.4094859894176
l130.tsp 0.3 4 3 6110.86094968039 6404.735916897183 1 110.24648599696229 480.9903446610333
l130.tsp 0.3 8 3 6110.86094968039 6477.398917056176 7 794.9618978619983 926.6300014338849
l130.tsp 0.3 16 3 6110.86094968039 6331.586765707953 14 1764.6602769665042 1977.958784969851
l130.tsp 0.3 4 4 6110.86094968039 6274.477584784229 2 260.5909508176992 471.3722001101851
l130.tsp 0.3 8 4 6110.86094968039 6208.113894759559 5 573.8030011999363 967.435368697501
l130.tsp 0.3 16 4 6110.86094968039 6278.826207224553 14 1662.2949383806117 1859.2178623016152
l130.tsp 0.4 4 1 6110.86094968039 6386.393649365354 3 362.7662115963685 473.7953288505523
l130.tsp 0.4 8 1 6110.86094968039 6414.70614012466 4 504.0649635113514 979.3544715373428
l130.tsp 0.4 16 1 6110.86094968039 6286.975095052631 5 593.4696711871802 2072.9590768789567
l130.tsp 0.4 4 2 6110.86094968039 6440.2494459478385 4 469.6374458707942 469.6387786305713
l130.tsp 0.4 8 2 6110.86094968039 6251.452336535208 8 892.6962663104641 892.6970677775535
l130.tsp 0.4 16 2 6110.86094968039 6226.73500359674 5 649.2812847623136 1993.3430556876192
l130.tsp 0.4 4 3 6110.86094968039 6344.892228325831 3 399.9148325748829 538.1899673224762
l130.tsp 0.4 8 3 6110.86094968039 6281.402670540858 3 407.4232147735602 1023.4014761484286
l130.tsp 0.4 16 3 6110.86094968039 6342.843778757327 2 228.87978023802862 1898.4771476223978
l130.tsp 0.4 4 4 6110.86094968039 6489.49928375557 2 237.36006580784306 491.5698286128245
l130.tsp 0.4 8 4 6110.86094968039 6318.812703521792 3 468.3595088561415 982.9717723591966
l130.tsp 0.4 16 4 6110.86094968039 6350.172900072109 9 1169.841225293756 2073.1015587101065
l130.tsp 0.5 4 1 6110.86094968039 6340.5993759349585 1 147.52282581297914 479.35739425087377
l130.tsp 0.5 8 1 6110.86094968039 6299.511039102455 5 680.6167079474981 1103.419912608384
l130.tsp 0.5 16 1 6110.86094968039 6435.402825317542 5 667.4203633015568 2049.3572919166472
l130.tsp 0.5 4 2 6110.86094968039 6385.347592904224 2 222.30459251208958 549.3767013063407
l130.tsp 0.5 8 2 6110.86094968039 6358.019572115144 3 417.02305115955824 1077.4461895597924
l130.tsp 0.5 16 2 6110.86094968039 6348.915027928549 12 1571.4976645762072 2159.9490164293165
l130.tsp 0.5 4 3 6110.86094968039 6346.353074383454 3 411.98763114401663 534.1346685080789
l130.tsp 0.5 8 3 6110.86094968039 6365.874352331108 8 1022.8033565019286 1022.8042479265278
l130.tsp 0.5 16 3 6110.86094968039 6310.42538800927 2 340.40741666478425 2284.1470397790326
l130.tsp 0.5 4 4 6110.86094968039 6442.1456780684985 3 450.6171670930489 585.1268026594771
l130.tsp 0.5 8 4 6110.86094968039 6383.694105765435 1 114.88653097572387 1019.5435465296177
l130.tsp 0.5 16 4 6110.86094968039 6337.361541015413 8 1182.795816975704 2255.674361354497
i100.tsp 0.2 4 1 21294.290821490355 22479.783650501704 3 89.6449380338365 119.34535989579481
i100.tsp 0.2 8 1 21294.290821490355 21951.46077767172 6 162.27876909887567 211.93118744707857
i100.tsp 0.2 16 1 21294.290821490355 21918.45999413512 3 60.573148448619634 406.1876547644742
i100.tsp 0.2 4 2 21294.290821490355 23094.296510093372 2 65.83446498998558 127.95100001660285
i100.tsp 0.2 8 2 21294.290821490355 21661.463884335808 5 126.90684895530683 203.46206910083777
i100.tsp 0.2 16 2 21294.290821490355 21851.70906258321 3 71.19366527857233 436.3524423467902
i100.tsp 0.2 4 3 21294.290821490355 22060.044172843736 4 116.57019435836969 116.57087446927653
i100.tsp 0.2 8 3 21294.290821490355 22215.419472732938 1 35.02666529819385 214.46613859712397
i100.tsp 0.2 16 3 21294.290821490355 21986.80598930346 1 30.70951898680687 432.6239001779518
i100.tsp 0.2 4 4 21294.290821490355 22173.236631957363 2 51.44940297854146 101.50860039937288
i100.tsp 0.2 8 4 21294.290821490355 22254.149722165053 3 83.66135548246984 230.45730107963436
i100.tsp 0.2 16 4 21294.290821490355 21556.063629197757 10 278.91951658694825 437.28076686806344
i100.tsp 0.3 4 1 21294.290821490355 22334.37252414986 1 34.83265588893664 112.49603812002033
i100.tsp 0.3 8 1 21294.290821490355 22365.962434621964 6 208.54304305105052 269.00146889466123
i100.tsp 0.3 16 1 21294.290821490355 21976.0577805635 13 454.6119099403959 566.2897640742658
i100.tsp 0.3 4 2 21294.290821490355 22179.254727726824 1 40.32103257317658 133.5517809517628
i100.tsp 0.3 8 2 21294.290821490355 21941.108704446942 6 187.37622902198927 256.60993601886094
i100.tsp 0.3 16 2 21294.290821490355 21938.885588961082 1 39.188154961443615 534.3459117123675
i100.tsp 0.3 4 3 21294.290821490355 21699.74104503197 2 71.25745050479964 133.05091775729306
i100.tsp 0.3 8 3 21294.290821490355 21953.34257792819 3 94.87703455947485 250.81611316465842
i100.tsp 0.3 16 3 21294.290821490355 21981.490845589316 15 490.3343555624642 513.595846584125
i100.tsp 0.3 4 4 21294.290821490355 22596.838740276704 1 41.045061800135045 137.17588428756608
i100.tsp 0.3 8 4 21294.290821490355 21980.54619938588 8 251.6699539196925 251.67033336905388
i100.tsp 0.3 16 4 21294.290821490355 21927.3894982781 14 415.6956067491883 476.2621346064161
i100.tsp 0.4 4 1 21294.290821490355 21968.420797140596 2 88.45500687506683 156.03209079012686
i100.tsp 0.4 8 1 21294.290821490355 21683.548140382805 4 117.68183035262882 250.97709146178568
i100.tsp 0.4 16 1 21294.290821490355 21918.444280484888 11 375.73131755262784 563.0359942584519
i100.tsp 0.4 4 2 21294.290821490355 21884.982968299337 4 159.62819547226627 159.62883483085534
i100.tsp 0.4 8 2 21294.290821490355 22488.79238585921 4 132.57463575729162 265.396979498566
i100.tsp 0.4 16 2 21294.290821490355 21828.55809888767 3 101.1233322113867 524.381328797248
i100.tsp 0.4 4 3 21294.290821490355 22652.38522751406 4 130.25476387050549 130.25523599365624
i100.tsp 0.4 8 3 21294.290821490355 21690.428789785412 4 146.7567086616782 283.055647743
i100.tsp 0.4 16 3 21294.290821490355 21866.010529018742 15 511.6571839544522 543.9464571896879
i100.tsp 0.4 4 4 21294.290821490355 21568.823664950534 3 106.51931403283561 144.69974326039846
i100.tsp 0.4 8 4 21294.290821490355 21920.416899128195 8 312.4435557755842 312.44396692119153
i100.tsp 0.4 16 4 21294.290821490355 22018.708507309108 7 243.62064844484485 575.5937609710509
i100.tsp 0.5 4 1 21294.290821490355 22028.929273446975 1 34.96514046720404 135.64901598245706
i100.tsp 0.5 8 1 21294.290821490355 21786.543500665684 2 79.29473947948645 278.5724287928715
i100.tsp 0.5 16 1 21294.290821490355 21787.81643765192 3 107.25426729596256 582.0520920277904
i100.tsp 0.5 4 2 21294.290821490355 22401.090981787136 2 71.8120732515381 140.64310840569487
i100.tsp 0.5 8 2 21294.290821490355 22095.08357435475 2 70.39695021726948 281.1944730800751
i100.tsp 0.5 16 2 21294.290821490355 21632.648922141434 9 338.2291197952127 566.5963606670703
i100.tsp 0.5 4 3 21294.290821490355 21757.915640581716 1 40.19623901385421 164.3247896350258
i100.tsp 0.5 8 3 21294.290821490355 22131.79057947722 6 194.605196373348 277.8932742072557
i100.tsp 0.5 16 3 21294.290821490355 21982.022584324142 2 83.54750799575777 571.2012947162366
i100.tsp 0.5 4 4 21294.290821490355 22467.908901029008 1 51.178293806100555 160.9952434498191
i100.tsp 0.5 8 4 21294.290821490355 21797.879438452754 7 237.9734104709314 274.45261063876933
i100.tsp 0.5 16 4 21294.290821490355 21860.844289358007 5 170.67777081801978 576.7835771177251
